CNN
Accuracy: 0.37001612059215744
Precision: 0.4692973586016098
Recall: 0.4429698259671967
F1: 0.4109441839478813
