KNN
Balanced Accuracy Results: 0.30808751540318363
Precision: 0.3662938810599092
Recall: 0.38575184675097035
F1: 0.3585548453528958
Decision Tree
Balanced Accuracy Results: 0.30419515200621194
Precision: 0.3115596564319485
Recall: 0.43170151496181297
F1: 0.3330055337764163
gNB
Balanced Accuracy Results: 0.3358607214597998
Precision: 0.319361608749131
Recall: 0.4673844998121948
F1: 0.3549390345616199
CNN
Balanced Accuracy Results: 0.4530392802282203
Precision: 0.6686135856605617
Recall: 0.34919243771128083
F1: 0.23563948259614478
